scaling = 2/3
N = 10
massParticleInGram = 2e5
xmax = 2500 solar radii
rhoExt = 1e-13
tempExt = 1e5
core mass = 7.58299862e32 g
core radius = 1.39545313e11 cm (epsilon)

corot2 = 95% corotation
